[INJ]
Alpha=1.45968
Delta=0.38422
Freq=60.001
f1dot=-3.77535E-10
f2dot=1.1147E-20
h0=6.907181341031563e-05
cosi=-0.59064107854
psi=0.6143558967
phi0=0
refTime=1171754150.0
