[INJ] 
Alpha=1.4738886654 
Delta=-1.20728246631 
Freq=85.9769792755 
f1dot=-6.82683907589e-10 
f2dot=2.867e-20 
h0=0.0001059444815 
cosi=-0.048849769795613264 
psi=.7155849933176751 
phi0=4.87 
refTime=1131937856.0

