[INJ]
Alpha=0.254294
Delta=-1.26190
Freq=61.253912
f1dot=-6.23241e-11
f2dot=4.222e-21
h0=0.0002520572992640422
cosi=0
psi=0
phi0=0
refTime=1170798264