%% app_name: /home/m206265/.local/bin/lalapps_FstatMetric_v2
%% commandline: /home/m206265/.local/bin/lalapps_FstatMetric_v2 --IFOs="H1","L1" --sqrtSX="0.00751" --Alpha=1.459675053044772 --Delta=0.3842248275018834 --Freq=59.893846 --f1dot=-3.77535e-10 --f2dot=1.1147e-20 --refTime=1171754150 --startTime=1167983370 --duration=5631588 --ephemEarth="/home/m206265/lalapps_work/data/earth00-19-DE405.dat" --ephemSun="/home/m206265/lalapps_work/data/sun00-19-DE405.dat" --h0=0.007470638295965982 --cosi=0.4663866403398912 --psi=0.6143558967020041 --phi0=0 --metricType=1 --outputMetric="FstatMetric_O2_1.txt" --coords="freq","f1dot","f2dot"
%% Code Version: %% LAL: 7.1.5 (UNCLEAN 53aa4afe025550f99f1042f83420085e09e6a5fc)
%% LALFrame: 1.6.0 (UNCLEAN 53aa4afe025550f99f1042f83420085e09e6a5fc)
%% LALMetaIO: 2.1.0 (UNCLEAN 53aa4afe025550f99f1042f83420085e09e6a5fc)
%% LALSimulation: 3.1.0 (UNCLEAN 53aa4afe025550f99f1042f83420085e09e6a5fc)
%% LALBurst: 1.5.10 (UNCLEAN 53aa4afe025550f99f1042f83420085e09e6a5fc)
%% LALInspiral: 2.0.4 (UNCLEAN 53aa4afe025550f99f1042f83420085e09e6a5fc)
%% LALPulsar: 3.1.1 (UNCLEAN 53aa4afe025550f99f1042f83420085e09e6a5fc)
%% LALInference: 3.0.1 (UNCLEAN 53aa4afe025550f99f1042f83420085e09e6a5fc)
%% LALApps: 7.4.0 (UNCLEAN 53aa4afe025550f99f1042f83420085e09e6a5fc)

DopplerCoordinates = { "freq", "f1dot", "f2dot"};
%% Projection onto subspace orthogonal to coordinate: 'None'
%% DetectorMotionType = 'spin+orbit'
aPlus = 0.00454781;
aCross = 0.00348421;
psi = 0.614356;
phi0 = 0;
h0 = 0.00747064;
cosi = 0.466387;
%% DopplerPoint = {
refTime = 1171754150.0;
Alpha   = 1.459675;
Delta = 0.384225;
fkdot   = [59.893846, -3.77535e-10, 1.1147e-20, 0 ];
%% }
startTime = 1167983370.0;
Tspan     = 5631588.0;
Nseg      = 1;
detectors = {"LHO_4k", "LLO_4k"};
detectorWeights = [0.007510, 0.007510];

gF_ij =  [ 
 1.0406809496797191e+14, -9.8911299929230049e+19,  1.2930463591200941e+26;
-9.8911299929230049e+19,  1.4887595534109605e+26, -1.7505229819039612e+32;
 1.2930463591200941e+26, -1.7505229819039612e+32,  2.2263585072566530e+38;
 ];

gFav_ij =  [ 
 1.0394994275709506e+14, -9.8674500948601111e+19,  1.2894399094099115e+26;
-9.8674500948601111e+19,  1.4840476716640551e+26, -1.7436748993673515e+32;
 1.2894399094099115e+26, -1.7436748993673515e+32,  2.2163659185715808e+38;
 ];

m1_ij =  [ 
 1.8339843289700602e+13, -1.7404276261451923e+19,  2.2729865806495218e+25;
-1.7404276261451923e+19,  2.6163192984369097e+25, -3.0725441285526433e+31;
 2.2729865806495218e+25, -3.0725441285526433e+31,  3.9033245401986150e+37;
 ];

m2_ij =  [ 
 2.1733119709407211e+13, -2.0636635930104472e+19,  2.6983151842961128e+25;
-2.0636635930104472e+19,  3.1052602554547819e+25, -3.6503411650359112e+31;
 2.6983151842961128e+25, -3.6503411650359112e+31,  4.6425156843572163e+37;
 ];

m3_ij =  [ 
 1.5554636978633466e+11, -2.8428800342246925e+17,  4.0651047096131086e+23;
-2.8428800342246925e+17,  5.3867063608150658e+23, -7.5852918183284194e+29;
 4.0651047096131086e+23, -7.5852918183284194e+29,  1.0746717390721404e+36;
 ];
maxrelerr_gF = 3.18e-13;

A = 0.1766048328499261;
B = 0.2088600508615392;
C = 0.000493944922877539;
D = 0.03688545038984235;

rho2 = 0.1153074044000803;

Fisher_ab =  [ 
 1.7660483284992606e-01,  4.9394492287753900e-04,  0.0000000000000000e+00,  0.0000000000000000e+00,  3.4431584891775556e+03, -6.4050711696637030e+09,  5.0334735895034730e+15;
 4.9394492287753900e-04,  2.0886005086153922e-01,  0.0000000000000000e+00,  0.0000000000000000e+00, -1.4192646601527147e+03,  2.6415712554566240e+09, -2.0500550395898330e+15;
 0.0000000000000000e+00,  0.0000000000000000e+00,  1.7660483284992606e-01,  4.9394492287753900e-04,  1.6546840308289748e+03, -3.0815773627891536e+09,  2.4690242867359290e+15;
 0.0000000000000000e+00,  0.0000000000000000e+00,  4.9394492287753900e-04,  2.0886005086153922e-01,  5.3551291580404550e+03, -9.9767295630770397e+09,  7.8785111891290820e+15;
 3.4431584891775556e+03, -1.4192646601527147e+03,  1.6546840308289748e+03,  5.3551291580404550e+03,  8.9919172952156842e+08, -1.0638337551084881e+15,  1.1691642954373518e+21;
-6.4050711696637030e+09,  2.6415712554566240e+09, -3.0815773627891536e+09, -9.9767295630770397e+09, -1.0638337551084881e+15,  1.7537464431560276e+21, -1.7541273597734748e+27;
 5.0334735895034730e+15, -2.0500550395898330e+15,  2.4690242867359290e+15,  7.8785111891290820e+15,  1.1691642954373518e+21, -1.7541273597734748e+27,  1.9277900145177087e+33;
 ];


segmentList = [ 1167983370, 1173614958, 0; ];
