%% app_name: /home/m206265/.local/bin/lalapps_FstatMetric_v2
%% commandline: /home/m206265/.local/bin/lalapps_FstatMetric_v2 --IFOs="H1","L1" --sqrtSX="0.00751" --Alpha=0.2542944720155738 --Delta=-1.261902196190408 --Freq=61.2539123716 --f1dot=-6.23241e-11 --f2dot=4.222e-21 --refTime=1263009618 --startTime=1256655618 --duration=12709800 --ephemEarth="/home/m206265/lalapps_work/J0058-7218/data/ephemeris/EARTH-2000-30-DE405.dat" --ephemSun="/home/m206265/lalapps_work/J0058-7218/data/ephemeris/SUN-2000-30-DE405.dat" --h0=0.0002520572992640422 --cosi=6.123233995736766e-17 --psi=0 --phi0=0 --metricType=1 --outputMetric="/home/m206265/lalapps_work/J0058-7218/result/FstatMetric_O3b.txt" --coords="freq","f1dot","f2dot"
%% Code Version: %% LAL: 7.1.5 (UNCLEAN 53aa4afe025550f99f1042f83420085e09e6a5fc)
%% LALFrame: 1.6.0 (UNCLEAN 53aa4afe025550f99f1042f83420085e09e6a5fc)
%% LALMetaIO: 2.1.0 (UNCLEAN 53aa4afe025550f99f1042f83420085e09e6a5fc)
%% LALSimulation: 3.1.0 (UNCLEAN 53aa4afe025550f99f1042f83420085e09e6a5fc)
%% LALBurst: 1.5.10 (UNCLEAN 53aa4afe025550f99f1042f83420085e09e6a5fc)
%% LALInspiral: 2.0.4 (UNCLEAN 53aa4afe025550f99f1042f83420085e09e6a5fc)
%% LALPulsar: 3.1.1 (UNCLEAN 53aa4afe025550f99f1042f83420085e09e6a5fc)
%% LALInference: 3.0.1 (UNCLEAN 53aa4afe025550f99f1042f83420085e09e6a5fc)
%% LALApps: 7.4.0 (UNCLEAN 53aa4afe025550f99f1042f83420085e09e6a5fc)

DopplerCoordinates = { "freq", "f1dot", "f2dot"};
%% Projection onto subspace orthogonal to coordinate: 'None'
%% DetectorMotionType = 'spin+orbit'
aPlus = 0.000126029;
aCross = 1.54341e-20;
psi = 0;
phi0 = 0;
h0 = 0.000252057;
cosi = 6.12323e-17;
%% DopplerPoint = {
refTime = 1263009618.0;
Alpha   = 0.254294;
Delta = -1.261902;
fkdot   = [61.253912, -6.23241e-11, 4.222e-21, 0 ];
%% }
startTime = 1256655618.0;
Tspan     = 12709800.0;
Nseg      = 1;
detectors = {"LHO_4k", "LLO_4k"};
detectorWeights = [0.007510, 0.007510];

gF_ij =  [ 
 5.3223076242454731e+14, -4.5704257573106157e+17,  2.1525957779487414e+27;
-4.5704257573106157e+17,  1.4350685797817985e+27, -3.1492566999453354e+30;
 2.1525957779487414e+27, -3.1492566999453354e+30,  1.0364444085956341e+40;
 ];

gFav_ij =  [ 
 5.3235116983895019e+14,  2.8846419399060723e+17,  2.1535629945045519e+27;
 2.8846419399060723e+17,  1.4357077817509271e+27,  1.8829171238985978e+30;
 2.1535629945045519e+27,  1.8829171238985978e+30,  1.0371380484743468e+40;
 ];

m1_ij =  [ 
 1.1642617506113522e+14, -9.9978660929055904e+16,  4.7088314049650617e+26;
-9.9978660929055904e+16,  3.1392312788026171e+26, -6.8890402010963862e+29;
 4.7088314049650617e+26, -6.8890402010963862e+29,  2.2672356931528730e+39;
 ];

m2_ij =  [ 
 1.1670356768466200e+14,  2.2633475139177715e+17,  4.7221581834288945e+26;
 2.2633475139177715e+17,  3.1480912183025718e+26,  1.5136904781238432e+30;
 4.7221581834288945e+26,  1.5136904781238432e+30,  2.2746527640030066e+39;
 ];

m3_ij =  [ 
 1.3044334141130144e+11, -3.7936779322367437e+17,  8.7723214796853092e+23;
-3.7936779322367437e+17,  5.8318159495213136e+23, -2.5544749611210038e+30;
 8.7723214796853092e+23, -2.5544749611210038e+30,  5.8993481989385706e+36;
 ];
maxrelerr_gF = 4.78e-11;

A = 0.2187513072915258;
B = 0.2191732059589349;
C = 8.186915380515218e-05;
D = 0.04794441862423351;

rho2 = 0.05468782682288145;

Fisher_ab =  [ 
 2.1875130729152581e-01,  8.1869153805152179e-05,  0.0000000000000000e+00,  0.0000000000000000e+00, -6.9238168534149021e-17,  1.6017529892108556e-10, -4.6621736387289682e-04;
 8.1869153805152179e-05,  2.1917320595893491e-01,  0.0000000000000000e+00,  0.0000000000000000e+00,  4.0620404594752485e-17,  1.4333586233656667e-07,  2.7651989064080820e-04;
 0.0000000000000000e+00,  0.0000000000000000e+00,  2.1875130729152581e-01,  8.1869153805152179e-05,  1.5286396679710346e-01, -1.1676439039114521e+09,  1.0128801825276304e+12;
 0.0000000000000000e+00,  0.0000000000000000e+00,  8.1869153805152179e-05,  2.1917320595893491e-01,  5.6537255135403386e-01, -1.3079305725749321e+06,  3.8069536800120283e+12;
-6.9238168534149021e-17,  4.0620404594752485e-17,  1.5286396679710346e-01,  5.6537255135403386e-01,  1.8492241786804467e+06, -2.4061820354996428e+09,  7.4791512895918438e+18;
 1.6017529892108556e-10,  1.4333586233656667e-07, -1.1676439039114521e+09, -1.3079305725749321e+06, -2.4061820354996428e+09,  1.1218726934387763e+19, -1.6363660961109143e+22;
-4.6621736387289682e-04,  2.7651989064080820e-04,  1.0128801825276304e+12,  3.8069536800120283e+12,  7.4791512895918438e+18, -1.6363660961109143e+22,  3.6011075305532671e+31;
 ];


segmentList = [ 1256655618, 1269365418, 0; ];
