%% app_name: /home/m206265/.local/bin/lalapps_FstatMetric_v2
%% commandline: /home/m206265/.local/bin/lalapps_FstatMetric_v2 --IFOs="H1","L1" --sqrtSX="0.00751" --Alpha=0.2542944720155738 --Delta=-1.261902196190408 --Freq=61.2539123716 --f1dot=-6.23241e-11 --f2dot=4.222e-21 --refTime=1170798264 --startTime=1167983370 --duration=5631588 --ephemEarth="/home/m206265/lalapps_work/J0058-7218/data/ephemeris/EARTH-2000-30-DE405.dat" --ephemSun="/home/m206265/lalapps_work/J0058-7218/data/ephemeris/SUN-2000-30-DE405.dat" --h0=0.0002520572992640422 --cosi=6.123233995736766e-17 --psi=0 --phi0=0 --metricType=1 --outputMetric="/home/m206265/lalapps_work/J0058-7218/result/FstatMetric_O2_1.txt" --coords="freq","f1dot","f2dot"
%% Code Version: %% LAL: 7.1.5 (UNCLEAN 53aa4afe025550f99f1042f83420085e09e6a5fc)
%% LALFrame: 1.6.0 (UNCLEAN 53aa4afe025550f99f1042f83420085e09e6a5fc)
%% LALMetaIO: 2.1.0 (UNCLEAN 53aa4afe025550f99f1042f83420085e09e6a5fc)
%% LALSimulation: 3.1.0 (UNCLEAN 53aa4afe025550f99f1042f83420085e09e6a5fc)
%% LALBurst: 1.5.10 (UNCLEAN 53aa4afe025550f99f1042f83420085e09e6a5fc)
%% LALInspiral: 2.0.4 (UNCLEAN 53aa4afe025550f99f1042f83420085e09e6a5fc)
%% LALPulsar: 3.1.1 (UNCLEAN 53aa4afe025550f99f1042f83420085e09e6a5fc)
%% LALInference: 3.0.1 (UNCLEAN 53aa4afe025550f99f1042f83420085e09e6a5fc)
%% LALApps: 7.4.0 (UNCLEAN 53aa4afe025550f99f1042f83420085e09e6a5fc)

DopplerCoordinates = { "freq", "f1dot", "f2dot"};
%% Projection onto subspace orthogonal to coordinate: 'None'
%% DetectorMotionType = 'spin+orbit'
aPlus = 0.000126029;
aCross = 1.54341e-20;
psi = 0;
phi0 = 0;
h0 = 0.000252057;
cosi = 6.12323e-17;
%% DopplerPoint = {
refTime = 1170798264.0;
Alpha   = 0.254294;
Delta = -1.261902;
fkdot   = [61.253912, -6.23241e-11, 4.222e-21, 0 ];
%% }
startTime = 1167983370.0;
Tspan     = 5631588.0;
Nseg      = 1;
detectors = {"LHO_4k", "LLO_4k"};
detectorWeights = [0.007510, 0.007510];

gF_ij =  [ 
 1.0473832592052961e+14, -4.0440457212102906e+17,  8.3364497906953075e+25;
-4.0440457212102906e+17,  5.5577883908850124e+25, -5.3009428090192441e+29;
 8.3364497906953075e+25, -5.3009428090192441e+29,  7.8992107439142294e+37;
 ];

gFav_ij =  [ 
 1.0483134620810938e+14, -6.0208444757099920e+16,  8.3512316043666627e+25;
-6.0208444757099920e+16,  5.5676008558957564e+25, -7.5512348281230834e+28;
 8.3512316043666627e+25, -7.5512348281230834e+28,  7.9201876357204519e+37;
 ];

m1_ij =  [ 
 2.2938071966131863e+13, -8.8566063064472768e+16,  1.8257126372833569e+25;
-8.8566063064472768e+16,  1.2171757469121863e+25, -1.1609256360836990e+29;
 1.8257126372833569e+25, -1.1609256360836990e+29,  1.7299557055840940e+37;
 ];

m2_ij =  [ 
 2.3038417795005398e+13,  6.2339115325332632e+16,  1.8369442596001521e+25;
 6.2339115325332632e+16,  1.2246451030799460e+25,  8.3211285710772834e+28;
 1.8369442596001521e+25,  8.3211285710772834e+28,  1.7436637543667568e+37;
 ];

m3_ij =  [ 
-5.5643059341386749e+10,  1.0138013430935448e+16, -7.3852200470383417e+22;
 1.0138013430935448e+16, -4.9221781325656877e+22,  1.3275151505113753e+28;
-7.3852200470383417e+22,  1.3275151505113753e+28, -9.8020454557760722e+34;
 ];
maxrelerr_gF = 5.88e-12;

A = 0.219003614622752;
B = 0.2195710931028535;
C = -0.0001770064405465242;
D = 0.04808683172491374;

rho2 = 0.054750903655688;

Fisher_ab =  [ 
 2.1900361462275200e-01, -1.7700644054652415e-04,  0.0000000000000000e+00,  0.0000000000000000e+00,  9.5849110882310614e-18, -6.8347145216819938e-11,  1.2552610552611814e-05;
-1.7700644054652415e-04,  2.1957109310285350e-01,  0.0000000000000000e+00,  0.0000000000000000e+00,  5.6977344675142556e-17,  2.8295939874722813e-08,  7.6275392900627015e-05;
 0.0000000000000000e+00,  0.0000000000000000e+00,  2.1900361462275200e-01, -1.7700644054652415e-04,  6.8354531777481420e-01, -2.3004823511490199e+08,  8.9445934477055334e+11;
 0.0000000000000000e+00,  0.0000000000000000e+00, -1.7700644054652415e-04,  2.1957109310285350e-01, -7.8266738580498887e-02,  5.5809679382174416e+05, -1.0249984372107475e+11;
 9.5849110882310614e-18,  5.6977344675142556e-17,  6.8354531777481420e-01, -7.8266738580498887e-02,  3.6433261648707400e+05, -2.1248633787091663e+09,  2.8998479216189331e+17;
-6.8347145216819938e-11,  2.8295939874722813e-08, -2.3004823511490199e+08,  5.5809679382174416e+05, -2.1248633787091663e+09,  4.3497718824283981e+17, -2.7836643220677135e+21;
 1.2552610552611814e-05,  7.6275392900627015e-05,  8.9445934477055334e+11, -1.0249984372107475e+11,  2.8998479216189331e+17, -2.7836643220677135e+21,  2.7477638010252479e+29;
 ];


segmentList = [ 1167983370, 1173614958, 0; ];
