%% app_name: /home/m206265/.local/bin/lalapps_FstatMetric_v2
%% commandline: /home/m206265/.local/bin/lalapps_FstatMetric_v2 --IFOs="H1","L1" --sqrtSX="0.00751" --Alpha=0.2542944720155738 --Delta=-1.261902196190408 --Freq=61.2539123716 --f1dot=-6.23241e-11 --f2dot=4.222e-21 --refTime=6354000 --startTime=1256655618 --duration=12709800 --ephemEarth="/home/m206265/lalapps_work/J0058-7218/data/ephemeris/EARTH-2000-30-DE405.dat" --ephemSun="/home/m206265/lalapps_work/J0058-7218/data/ephemeris/SUN-2000-30-DE405.dat" --h0=0.0002604592092395104 --cosi=6.123233995736766e-17 --psi=0 --phi0=0 --metricType=1 --outputMetric="/home/m206265/lalapps_work/J0058-7218/result/FstatMetric_O3b.txt" --coords="freq","f1dot","f2dot"
%% Code Version: %% LAL: 7.1.5 (UNCLEAN 53aa4afe025550f99f1042f83420085e09e6a5fc)
%% LALFrame: 1.6.0 (UNCLEAN 53aa4afe025550f99f1042f83420085e09e6a5fc)
%% LALMetaIO: 2.1.0 (UNCLEAN 53aa4afe025550f99f1042f83420085e09e6a5fc)
%% LALSimulation: 3.1.0 (UNCLEAN 53aa4afe025550f99f1042f83420085e09e6a5fc)
%% LALBurst: 1.5.10 (UNCLEAN 53aa4afe025550f99f1042f83420085e09e6a5fc)
%% LALInspiral: 2.0.4 (UNCLEAN 53aa4afe025550f99f1042f83420085e09e6a5fc)
%% LALPulsar: 3.1.1 (UNCLEAN 53aa4afe025550f99f1042f83420085e09e6a5fc)
%% LALInference: 3.0.1 (UNCLEAN 53aa4afe025550f99f1042f83420085e09e6a5fc)
%% LALApps: 7.4.0 (UNCLEAN 53aa4afe025550f99f1042f83420085e09e6a5fc)

DopplerCoordinates = { "freq", "f1dot", "f2dot"};
%% Projection onto subspace orthogonal to coordinate: 'None'
%% DetectorMotionType = 'spin+orbit'
aPlus = 0.00013023;
aCross = 1.59485e-20;
psi = 0;
phi0 = 0;
h0 = 0.000260459;
cosi = 6.12323e-17;
%% DopplerPoint = {
refTime = 6354000.0;
Alpha   = 0.254294;
Delta = -1.261902;
fkdot   = [61.253912, -6.23241e-11, 4.222e-21, 0 ];
%% }
startTime = 1256655618.0;
Tspan     = 12709800.0;
Nseg      = 1;
detectors = {"LHO_4k", "LLO_4k"};
detectorWeights = [0.007510, 0.007510];

gF_ij =  [ 
 5.3223076247538488e+14,  6.6883032064674047e+23,  4.2024655537482281e+32;
 6.6883032064674047e+23,  8.4049024060419870e+32,  5.2810663725638979e+41;
 4.2024655537482281e+32,  5.2810663725638979e+41,  3.3182669235367465e+50;
 ];

gFav_ij =  [ 
 5.3235116988994225e+14,  6.6898237680026303e+23,  4.2034256587563518e+32;
 6.6898237680026303e+23,  8.4068226035418591e+32,  5.2822787885422089e+41;
 4.2034256587563518e+32,  5.2822787885422089e+41,  3.3190324295924224e+50;
 ];

m1_ij =  [ 
 1.1642617507225600e+14,  1.4630750699768486e+23,  9.1929483373003082e+31;
 1.4630750699768486e+23,  1.8385833889793753e+32,  1.1552401728916688e+41;
 9.1929483373003082e+31,  1.1552401728916688e+41,  7.2587522746589285e+49;
 ];

m2_ij =  [ 
 1.1670356769587200e+14,  1.4665642030677990e+23,  9.2148921673015510e+31;
 1.4665642030677990e+23,  1.8429721373770028e+32,  1.1580003443529354e+41;
 9.2148921673015510e+31,  1.1580003443529354e+41,  7.2761115641576196e+49;
 ];

m3_ij =  [ 
 1.3044334144000000e+11,  1.6354299003638540e+20,  1.0252111849662762e+29;
 1.6354299003638540e+20,  2.0504106570801691e+29,  1.2853492417856214e+38;
 1.0252111849662762e+29,  1.2853492417856214e+38,  8.0575002745540401e+46;
 ];
maxrelerr_gF = 1.65e-12;

A = 0.2187513072915258;
B = 0.2191732059589349;
C = 8.186915380515218e-05;
D = 0.04794441862423351;

rho2 = 0.05468782682288145;

Fisher_ab =  [ 
 2.1875130729152581e-01,  8.1869153805152179e-05,  0.0000000000000000e+00,  0.0000000000000000e+00,  1.0237940073169286e-14,  6.3879935603645926e-06,  2.6571434429751580e+03;
 8.1869153805152179e-05,  2.1917320595893491e-01,  0.0000000000000000e+00,  0.0000000000000000e+00,  2.7599730416064119e-11,  1.7341852628734784e-02,  7.2643806439411882e+06;
 0.0000000000000000e+00,  0.0000000000000000e+00,  2.1875130729152581e-01,  8.1869153805152179e-05, -2.2493457660132879e+05, -1.4133375699931906e+14, -5.9203589164647934e+22;
 0.0000000000000000e+00,  0.0000000000000000e+00,  8.1869153805152179e-05,  2.1917320595893491e-01, -8.3599124909299050e+01, -5.2161925910492416e+10, -2.1697222781500469e+19;
 1.0237940073169286e-14,  2.7599730416064119e-11, -2.2493457660132879e+05, -8.3599124909299050e+01,  2.3129459802977548e+11,  1.4533120729773566e+20,  6.0878609058743475e+28;
 6.3879935603645926e-06,  1.7341852628734784e-02, -1.4133375699931906e+14, -5.2161925910492416e+10,  1.4533120729773566e+20,  9.1317913588115216e+28,  3.8253002364984932e+37;
 2.6571434429751580e+03,  7.2643806439411882e+06, -5.9203589164647934e+22, -2.1697222781500469e+19,  6.0878609058743475e+28,  3.8253002364984932e+37,  1.6024289458823982e+46;
 ];


segmentList = [ 1256655618, 1269365418, 0; ];
