[INJ]
Alpha=14.57
Delta=-72.30167
Freq=61.253912
f1dot=-6.23241E-11
f2dot=4.222E-21
h0=0.0002520572992640422
cosi=0
psi=0
phi0=0
refTime=1170798264