%% app_name: /home/m206265/.local/bin/lalapps_FstatMetric_v2
%% commandline: /home/m206265/.local/bin/lalapps_FstatMetric_v2 --IFOs="H1","L1" --sqrtSX="0.00751" --Alpha=1.459675053044772 --Delta=0.3842248275018834 --Freq=59.893846 --f1dot=-3.77535e-10 --f2dot=1.1147e-20 --refTime=1171754150 --startTime=1167983370 --duration=5631588 --ephemEarth="/home/m206265/lalapps_work/data/earth00-19-DE405.dat" --ephemSun="/home/m206265/lalapps_work/data/sun00-19-DE405.dat" --h0=0.007470638295965982 --cosi=0.4663866403398912 --psi=1.74532925199433 --phi0=0 --metricType=1 --outputMetric="FstatMetric_O2_1.txt" --coords="freq","f1dot","f2dot"
%% Code Version: %% LAL: 7.1.5 (UNCLEAN 53aa4afe025550f99f1042f83420085e09e6a5fc)
%% LALFrame: 1.6.0 (UNCLEAN 53aa4afe025550f99f1042f83420085e09e6a5fc)
%% LALMetaIO: 2.1.0 (UNCLEAN 53aa4afe025550f99f1042f83420085e09e6a5fc)
%% LALSimulation: 3.1.0 (UNCLEAN 53aa4afe025550f99f1042f83420085e09e6a5fc)
%% LALBurst: 1.5.10 (UNCLEAN 53aa4afe025550f99f1042f83420085e09e6a5fc)
%% LALInspiral: 2.0.4 (UNCLEAN 53aa4afe025550f99f1042f83420085e09e6a5fc)
%% LALPulsar: 3.1.1 (UNCLEAN 53aa4afe025550f99f1042f83420085e09e6a5fc)
%% LALInference: 3.0.1 (UNCLEAN 53aa4afe025550f99f1042f83420085e09e6a5fc)
%% LALApps: 7.4.0 (UNCLEAN 53aa4afe025550f99f1042f83420085e09e6a5fc)

DopplerCoordinates = { "freq", "f1dot", "f2dot"};
%% Projection onto subspace orthogonal to coordinate: 'None'
%% DetectorMotionType = 'spin+orbit'
aPlus = 0.00454781;
aCross = 0.00348421;
psi = 1.74533;
phi0 = 0;
h0 = 0.00747064;
cosi = 0.466387;
%% DopplerPoint = {
refTime = 1171754150.0;
Alpha   = 1.459675;
Delta = 0.384225;
fkdot   = [59.893846, -3.77535e-10, 1.1147e-20, 0 ];
%% }
startTime = 1167983370.0;
Tspan     = 5631588.0;
Nseg      = 1;
detectors = {"LHO_4k", "LLO_4k"};
detectorWeights = [0.007510, 0.007510];

gF_ij =  [ 
 1.0403098688680050e+14, -9.8870401383681098e+19,  1.2922239574132657e+26;
-9.8870401383681098e+19,  1.4879039816526656e+26, -1.7492300673251905e+32;
 1.2922239574132657e+26, -1.7492300673251905e+32,  2.2242719124744278e+38;
 ];

gFav_ij =  [ 
 1.0394994275709506e+14, -9.8674500948601111e+19,  1.2894399094099115e+26;
-9.8674500948601111e+19,  1.4840476716640551e+26, -1.7436748993673515e+32;
 1.2894399094099115e+26, -1.7436748993673515e+32,  2.2163659185715808e+38;
 ];

m1_ij =  [ 
 1.8339843289700602e+13, -1.7404276261451923e+19,  2.2729865806495218e+25;
-1.7404276261451923e+19,  2.6163192984369097e+25, -3.0725441285526433e+31;
 2.2729865806495218e+25, -3.0725441285526433e+31,  3.9033245401986150e+37;
 ];

m2_ij =  [ 
 2.1733119709407211e+13, -2.0636635930104472e+19,  2.6983151842961128e+25;
-2.0636635930104472e+19,  3.1052602554547819e+25, -3.6503411650359112e+31;
 2.6983151842961128e+25, -3.6503411650359112e+31,  4.6425156843572163e+37;
 ];

m3_ij =  [ 
 1.5554636978633466e+11, -2.8428800342246925e+17,  4.0651047096131086e+23;
-2.8428800342246925e+17,  5.3867063608150658e+23, -7.5852918183284194e+29;
 4.0651047096131086e+23, -7.5852918183284194e+29,  1.0746717390721404e+36;
 ];
maxrelerr_gF = 3.18e-13;

A = 0.1766048328499261;
B = 0.2088600508615392;
C = 0.000493944922877539;
D = 0.03688545038984235;

rho2 = 0.1115040480220661;

Fisher_ab =  [ 
 1.7660483284992606e-01,  4.9394492287753900e-04,  0.0000000000000000e+00,  0.0000000000000000e+00, -1.2179725715538875e+03,  2.2636550215385528e+09, -1.7509630328090438e+15;
 4.9394492287753900e-04,  2.0886005086153922e-01,  0.0000000000000000e+00,  0.0000000000000000e+00,  4.0658684374075469e+03, -7.5731805154580965e+09,  5.9575311520841350e+15;
 0.0000000000000000e+00,  0.0000000000000000e+00,  1.7660483284992606e-01,  4.9394492287753900e-04, -4.5176028321895838e+03,  8.4060058916762094e+09, -6.6361010991201730e+15;
 0.0000000000000000e+00,  0.0000000000000000e+00,  4.9394492287753900e-04,  2.0886005086153922e-01, -1.9860990946578611e+03,  3.7027148410807343e+09, -2.9601622384215010e+15;
-1.2179725715538875e+03,  4.0658684374075469e+03, -4.5176028321895838e+03, -1.9860990946578611e+03,  8.6928574833991218e+08, -1.0283576036379130e+15,  1.1299545528542668e+21;
 2.2636550215385528e+09, -7.5731805154580965e+09,  8.4060058916762094e+09,  3.7027148410807343e+09, -1.0283576036379130e+15,  1.6949318292814003e+21, -1.6950646641661919e+27;
-1.7509630328090438e+15,  5.9575311520841350e+15, -6.6361010991201730e+15, -2.9601622384215010e+15,  1.1299545528542668e+21, -1.6950646641661919e+27,  1.8625459318315263e+33;
 ];


segmentList = [ 1167983370, 1173614958, 0; ];
