%% app_name: /home/m206265/.local/bin/lalapps_FstatMetric_v2
%% commandline: /home/m206265/.local/bin/lalapps_FstatMetric_v2 --IFOs="L1" --sqrtSX="0.00751" --Alpha=1.459675053044772 --Delta=0.3842248275018834 --Freq=29.946923 --f1dot=-3.77535e-10 --f2dot=1.1147e-20 --refTime=1171754150 --startTime=1168034371 --duration=7439558 --ephemEarth="/home/m206265/lalapps_work/data/earth00-19-DE405.dat" --ephemSun="/home/m206265/lalapps_work/data/sun00-19-DE405.dat" --h0=0.001867659573991495 --cosi=0.5000000000000001 --psi=1.74532925199433 --phi0=0 --metricType=1 --outputMetric="FstatMetric.txt" --coords="freq","f1dot","f2dot"
%% Code Version: %% LAL: 7.1.5 (UNCLEAN 53aa4afe025550f99f1042f83420085e09e6a5fc)
%% LALFrame: 1.6.0 (UNCLEAN 53aa4afe025550f99f1042f83420085e09e6a5fc)
%% LALMetaIO: 2.1.0 (UNCLEAN 53aa4afe025550f99f1042f83420085e09e6a5fc)
%% LALSimulation: 3.1.0 (UNCLEAN 53aa4afe025550f99f1042f83420085e09e6a5fc)
%% LALBurst: 1.5.10 (UNCLEAN 53aa4afe025550f99f1042f83420085e09e6a5fc)
%% LALInspiral: 2.0.4 (UNCLEAN 53aa4afe025550f99f1042f83420085e09e6a5fc)
%% LALPulsar: 3.1.1 (UNCLEAN 53aa4afe025550f99f1042f83420085e09e6a5fc)
%% LALInference: 3.0.1 (UNCLEAN 53aa4afe025550f99f1042f83420085e09e6a5fc)
%% LALApps: 7.4.0 (UNCLEAN 53aa4afe025550f99f1042f83420085e09e6a5fc)

DopplerCoordinates = { "freq", "f1dot", "f2dot"};
%% Projection onto subspace orthogonal to coordinate: 'None'
%% DetectorMotionType = 'spin+orbit'
aPlus = 0.00116729;
aCross = 0.00093383;
psi = 1.74533;
phi0 = 0;
h0 = 0.00186766;
cosi = 0.5;
%% DopplerPoint = {
refTime = 1171754150.0;
Alpha   = 1.459675;
Delta = 0.384225;
fkdot   = [29.946923, -3.77535e-10, 1.1147e-20, 0 ];
%% }
startTime = 1168034371.0;
Tspan     = 7439558.0;
Nseg      = 1;
detectors = {"LLO_4k"};
detectorWeights = [0.007510];

gF_ij =  [ 
 1.8292913100672844e+14,  2.2141236514648739e+17,  2.5428981129228107e+26;
 2.2141236514648739e+17,  1.6952032053537779e+26,  5.1825599006366292e+29;
 2.5428981129228107e+26,  5.1825599006366292e+29,  4.2081907440096956e+38;
 ];

gFav_ij =  [ 
 1.8284997501876156e+14,  7.3036198635475296e+16,  2.5407245700493556e+26;
 7.3036198635475296e+16,  1.6937757057426122e+26,  1.8390656490006134e+29;
 2.5407245700493556e+26,  1.8390656490006134e+29,  4.2028623712064857e+38;
 ];

m1_ij =  [ 
 4.2651155380449578e+13,  1.3260592238860189e+17,  5.9489199123647446e+25;
 1.3260592238860189e+17,  3.9656608852025332e+25,  3.0684062395013009e+29;
 5.9489199123647446e+25,  3.0684062395013009e+29,  9.8774973864966321e+37;
 ];

m2_ij =  [ 
 3.3955148296281754e+13, -7.9230973158481072e+16,  4.7001712147147031e+25;
-7.9230973158481072e+16,  3.1335249948850623e+25, -1.7774691439213778e+29;
 4.7001712147147031e+25, -1.7774691439213778e+29,  7.7456505393297973e+37;
 ];

m3_ij =  [ 
-2.5896561207254333e+11,  1.9160192491797444e+16, -5.9953421061876289e+23;
 1.9160192491797444e+16, -3.9954525681163598e+23,  3.6813663456239378e+28;
-5.9953421061876289e+23,  3.6813663456239378e+28, -1.3878214234660113e+36;
 ];
maxrelerr_gF = 1.89e-12;

A = 0.2323634820534687;
B = 0.1864130031020658;
C = -0.0004721724000112976;
D = 0.04331535155406475;

rho2 = 0.1365716699584437;

Fisher_ab =  [ 
 2.3236348205346868e-01, -4.7217240001129756e-04,  0.0000000000000000e+00,  0.0000000000000000e+00,  7.4159875123223806e-01,  1.1021133930340438e+09,  1.9321906703005791e+12;
-4.7217240001129756e-04,  1.8641300310206585e-01,  0.0000000000000000e+00,  0.0000000000000000e+00,  2.7453955381548658e+00, -2.3776819316928277e+09,  6.1268019621613887e+12;
 0.0000000000000000e+00,  0.0000000000000000e+00,  2.3236348205346868e-01, -4.7217240001129756e-04,  5.3674205934693182e+00,  3.7147077099497128e+09,  1.2276451835223670e+13;
 0.0000000000000000e+00,  0.0000000000000000e+00, -4.7217240001129756e-04,  1.8641300310206585e-01, -2.2246992969954704e-01,  1.0561581062392536e+09, -7.3444221928975098e+11;
 7.4159875123223806e-01,  2.7453955381548658e+00,  5.3674205934693182e+00, -2.2246992969954704e-01,  8.7144455504168168e+07,  1.5859051141502271e+11,  1.2113966876369863e+20;
 1.1021133930340438e+09, -2.3776819316928277e+09,  3.7147077099497128e+09,  1.0561581062392536e+09,  1.5859051141502271e+11,  1.8170950314554789e+20,  3.7013954918045244e+23;
 1.9321906703005791e+12,  6.1268019621613887e+12,  1.2276451835223670e+13, -7.3444221928975098e+11,  1.2113966876369863e+20,  3.7013954918045244e+23,  2.0047183060504453e+32;
 ];


segmentList = [ 1168034371, 1175473929, 0; ];
